{
  "advancedEditorSelectedIdentifier" : "ProjectBrowser",
  "openSceneRelativePaths" : [
    "InitialGame.usda",
    "board_cavity_assembly.usda",
    "Untitled Scene.usda"
  ],
  "recentIdentifiers" : {
    "A3220354-F67B-493F-AC76-5F9C269B526D" : [

    ]
  },
  "sceneCameraHistory" : {
    "88D31EFF-44A1-4A98-903E-11DB282EB71F" : [
      {
        "date" : 750461210.543383,
        "title" : "Untitled",
        "transform" : [
          0.99444836,
          3.060853e-11,
          -0.10522565,
          0,
          -0.07402406,
          0.71071595,
          -0.6995737,
          0,
          0.074785545,
          0.7034792,
          0.70677024,
          0,
          0.30276224,
          2.629767,
          2.8612926,
          1
        ]
      }
    ],
    "A3220354-F67B-493F-AC76-5F9C269B526D" : [
      {
        "date" : 755290001.982715,
        "title" : "Untitled",
        "transform" : [
          -0.9998741,
          2.8898654e-08,
          -0.015868742,
          0,
          -0.00064996234,
          0.9991612,
          0.040945556,
          0,
          0.015855473,
          0.04095077,
          -0.99903536,
          0,
          0.07943997,
          1.0035188,
          -1.0976586,
          1
        ]
      },
      {
        "date" : 755289995.538779,
        "title" : "Untitled",
        "transform" : [
          -0.9790931,
          2.8933837e-08,
          0.20341304,
          0,
          0.059780803,
          0.9558395,
          0.28774506,
          0,
          -0.19443016,
          0.2938894,
          -0.93585575,
          0,
          -0.5736754,
          1.2595522,
          -0.9474156,
          1
        ]
      },
      {
        "date" : 755289615.099631,
        "title" : "Untitled",
        "transform" : [
          -0.9790931,
          2.8933837e-08,
          0.20341304,
          0,
          0.059780803,
          0.9558395,
          0.28774506,
          0,
          -0.19443016,
          0.2938894,
          -0.93585575,
          0,
          -0.102514416,
          1.2121264,
          -1.0601956,
          1
        ]
      },
      {
        "date" : 755289605.183386,
        "title" : "Untitled",
        "transform" : [
          -0.9790931,
          2.8933837e-08,
          0.20341304,
          0,
          0.059780803,
          0.9558395,
          0.28774506,
          0,
          -0.19443016,
          0.2938894,
          -0.93585575,
          0,
          -0.13300514,
          0.72461116,
          -1.2069566,
          1
        ]
      },
      {
        "date" : 755289582.982435,
        "title" : "Untitled",
        "transform" : [
          -0.9790931,
          2.8933837e-08,
          0.20341304,
          0,
          0.059780803,
          0.9558395,
          0.28774506,
          0,
          -0.19443016,
          0.2938894,
          -0.93585575,
          0,
          -0.18645406,
          1.0749431,
          -1.0858365,
          1
        ]
      },
      {
        "date" : 755289577.065408,
        "title" : "Untitled",
        "transform" : [
          -0.91394275,
          2.8933833e-08,
          0.405843,
          0,
          0.119272836,
          0.9558395,
          0.2685981,
          0,
          -0.3879207,
          0.2938894,
          -0.8735826,
          0,
          -0.54236907,
          0.91021484,
          -1.1473333,
          1
        ]
      },
      {
        "date" : 755289572.381911,
        "title" : "Untitled",
        "transform" : [
          -0.91394275,
          2.8933833e-08,
          0.405843,
          0,
          0.119272836,
          0.9558395,
          0.2685981,
          0,
          -0.3879207,
          0.2938894,
          -0.8735826,
          0,
          -1.5766895,
          1.6938169,
          -3.476589,
          1
        ]
      },
      {
        "date" : 755289571.250207,
        "title" : "Untitled",
        "transform" : [
          -0.91394275,
          2.8933833e-08,
          0.405843,
          0,
          0.119272836,
          0.9558395,
          0.2685981,
          0,
          -0.3879207,
          0.2938894,
          -0.8735826,
          0,
          -1.3826174,
          1.9484341,
          -3.4771097,
          1
        ]
      },
      {
        "date" : 755289569.46438,
        "title" : "Untitled",
        "transform" : [
          -0.91394275,
          2.8933833e-08,
          0.405843,
          0,
          0.119272836,
          0.9558395,
          0.2685981,
          0,
          -0.3879207,
          0.2938894,
          -0.8735826,
          0,
          -1.6215497,
          2.1294506,
          -4.0151787,
          1
        ]
      },
      {
        "date" : 755289567.416046,
        "title" : "Untitled",
        "transform" : [
          -0.91394275,
          2.8933833e-08,
          0.405843,
          0,
          0.119272836,
          0.9558395,
          0.2685981,
          0,
          -0.3879207,
          0.2938894,
          -0.8735826,
          0,
          -3.0895174,
          3.2415838,
          -7.3209887,
          1
        ]
      }
    ],
    "B042D3A7-7818-40DD-BB4E-CBE391161342" : [
      {
        "date" : 750960966.445368,
        "title" : "Untitled",
        "transform" : [
          0.9993573,
          5.4721916e-10,
          0.03584748,
          0,
          0.035825647,
          0.034899548,
          -0.99874854,
          0,
          -0.0012510614,
          0.9993909,
          0.034877136,
          0,
          -0.0020794743,
          1.6611558,
          0.057971645,
          1
        ]
      },
      {
        "date" : 750960871.345974,
        "title" : "Untitled",
        "transform" : [
          0.9993573,
          5.4721916e-10,
          0.03584748,
          0,
          0.035825647,
          0.034899548,
          -0.99874854,
          0,
          -0.0012510614,
          0.9993909,
          0.034877136,
          0,
          -0.00055813167,
          0.44585487,
          0.015559612,
          1
        ]
      }
    ]
  },
  "sceneViewportBackgroundColors" : {

  },
  "selectedSceneRelativePath" : "InitialGame.usda"
}