{
  "advancedEditorSelectedIdentifier" : "ProjectBrowser",
  "openSceneRelativePaths" : [
    "InitialGame.usda",
    "Untitled Scene.usda",
    "bjLobby.usda",
    "Untitled Scene 2.usda"
  ],
  "recentIdentifiers" : {
    "13A5B426-867E-4C92-A6D9-FC4FCD8A5B08" : [

    ],
    "A3220354-F67B-493F-AC76-5F9C269B526D" : [

    ],
    "C2DACEB1-10A1-4AAF-8F99-1789048A61F4" : [

    ]
  },
  "sceneCameraHistory" : {
    "13A5B426-867E-4C92-A6D9-FC4FCD8A5B08" : [
      {
        "date" : 765496503.330377,
        "title" : "Untitled",
        "transform" : [
          0.9982605,
          8.557294e-08,
          0.058956835,
          0,
          0.016703213,
          0.95902747,
          -0.28282028,
          0,
          -0.056541227,
          0.283313,
          0.95735925,
          0,
          -0.19716996,
          1.6035562,
          2.1506295,
          1
        ]
      },
      {
        "date" : 765495423.348267,
        "title" : "Untitled",
        "transform" : [
          0.9982605,
          8.557294e-08,
          0.058956835,
          0,
          0.016703213,
          0.95902747,
          -0.28282028,
          0,
          -0.056541227,
          0.283313,
          0.95735925,
          0,
          -0.12536897,
          1.2437804,
          0.9348924,
          1
        ]
      },
      {
        "date" : 765495416.784363,
        "title" : "Untitled",
        "transform" : [
          0.9982605,
          8.557294e-08,
          0.058956835,
          0,
          0.016703213,
          0.95902747,
          -0.28282028,
          0,
          -0.056541227,
          0.283313,
          0.95735925,
          0,
          -0.108417094,
          1.2672706,
          1.0514084,
          1
        ]
      },
      {
        "date" : 765410949.673837,
        "title" : "Untitled",
        "transform" : [
          0.9982605,
          8.557294e-08,
          0.058956835,
          0,
          0.016703213,
          0.95902747,
          -0.28282028,
          0,
          -0.056541227,
          0.283313,
          0.95735925,
          0,
          -0.032735214,
          1.4364573,
          2.0411158,
          1
        ]
      },
      {
        "date" : 765410940.534679,
        "title" : "Untitled",
        "transform" : [
          0.99817586,
          8.557294e-08,
          0.060373373,
          0,
          0.017104536,
          0.95902747,
          -0.2827963,
          0,
          -0.05789973,
          0.283313,
          0.9572781,
          0,
          -0.015082881,
          1.3163781,
          1.6349726,
          1
        ]
      },
      {
        "date" : 765410919.952491,
        "title" : "Untitled",
        "transform" : [
          0.99817586,
          8.557294e-08,
          0.060373373,
          0,
          0.017104536,
          0.95902747,
          -0.2827963,
          0,
          -0.05789973,
          0.283313,
          0.9572781,
          0,
          -0.07355094,
          1.2676848,
          0.62028563,
          1
        ]
      },
      {
        "date" : 765386564.665103,
        "title" : "Untitled",
        "transform" : [
          0.99817586,
          8.557294e-08,
          0.060373373,
          0,
          0.017104536,
          0.95902747,
          -0.2827963,
          0,
          -0.05789973,
          0.283313,
          0.9572781,
          0,
          -0.20804124,
          1.925767,
          2.843862,
          1
        ]
      },
      {
        "date" : 765386563.448187,
        "title" : "Untitled",
        "transform" : [
          0.9986969,
          8.557294e-08,
          0.051034294,
          0,
          0.014458653,
          0.95902747,
          -0.2829439,
          0,
          -0.048943296,
          0.283313,
          0.95777774,
          0,
          -0.07501532,
          1.5081425,
          1.4354215,
          1
        ]
      },
      {
        "date" : 765386382.737005,
        "title" : "Untitled",
        "transform" : [
          0.9986969,
          8.557294e-08,
          0.051034294,
          0,
          0.014458653,
          0.95902747,
          -0.2829439,
          0,
          -0.048943296,
          0.283313,
          0.95777774,
          0,
          -0.08405961,
          1.4602089,
          1.4491382,
          1
        ]
      },
      {
        "date" : 765386375.554308,
        "title" : "Untitled",
        "transform" : [
          0.99956375,
          8.527908e-08,
          0.029534182,
          0,
          0.010735557,
          0.9315954,
          -0.36333838,
          0,
          -0.027513918,
          0.36349687,
          0.931189,
          0,
          0.11506104,
          1.1996334,
          0.58090854,
          1
        ]
      }
    ],
    "88D31EFF-44A1-4A98-903E-11DB282EB71F" : [
      {
        "date" : 750461210.543383,
        "title" : "Untitled",
        "transform" : [
          0.99444836,
          3.060853e-11,
          -0.10522565,
          0,
          -0.07402406,
          0.71071595,
          -0.6995737,
          0,
          0.074785545,
          0.7034792,
          0.70677024,
          0,
          0.30276224,
          2.629767,
          2.8612926,
          1
        ]
      }
    ],
    "A3220354-F67B-493F-AC76-5F9C269B526D" : [
      {
        "date" : 765480553.409418,
        "title" : "Untitled",
        "transform" : [
          -0.9320769,
          -1.1266042e-08,
          0.3622603,
          0,
          0.24307795,
          0.7414542,
          0.6254269,
          0,
          -0.26859945,
          0.6710035,
          -0.6910923,
          0,
          -0.34898472,
          1.4391632,
          -1.2596538,
          1
        ]
      },
      {
        "date" : 765343429.528293,
        "title" : "Untitled",
        "transform" : [
          -0.9320769,
          -1.1266042e-08,
          0.3622603,
          0,
          0.24307795,
          0.7414542,
          0.6254269,
          0,
          -0.26859945,
          0.6710035,
          -0.6910923,
          0,
          -0.264162,
          1.1785865,
          -0.86093664,
          1
        ]
      },
      {
        "date" : 765343370.851408,
        "title" : "Untitled",
        "transform" : [
          -0.9320769,
          -1.1266042e-08,
          0.3622603,
          0,
          0.24307795,
          0.7414542,
          0.6254269,
          0,
          -0.26859945,
          0.6710035,
          -0.6910923,
          0,
          -0.18688257,
          1.0486481,
          -0.67030096,
          1
        ]
      },
      {
        "date" : 765343363.937415,
        "title" : "Untitled",
        "transform" : [
          -0.92385244,
          -1.1227943e-08,
          0.38274875,
          0,
          0.25800896,
          0.7386448,
          0.62276417,
          0,
          -0.28271538,
          0.67409486,
          -0.6823988,
          0,
          -0.1999558,
          1.0515316,
          -0.6619595,
          1
        ]
      },
      {
        "date" : 765342788.912169,
        "title" : "Untitled",
        "transform" : [
          -0.92385244,
          -1.1227943e-08,
          0.38274875,
          0,
          0.25800896,
          0.7386448,
          0.62276417,
          0,
          -0.28271538,
          0.67409486,
          -0.6823988,
          0,
          -0.18564361,
          0.9983949,
          -0.72037905,
          1
        ]
      },
      {
        "date" : 765342770.346496,
        "title" : "Untitled",
        "transform" : [
          -0.96341044,
          -0.0013139268,
          0.26802722,
          0,
          0.22812721,
          0.5209382,
          0.8225456,
          0,
          -0.1407064,
          0.85359335,
          -0.5015776,
          0,
          -0.17157619,
          1.0246744,
          -0.5581412,
          1
        ]
      },
      {
        "date" : 765342768.363365,
        "title" : "Untitled",
        "transform" : [
          -0.96889967,
          -0.0030537401,
          0.24743517,
          0,
          0.20069909,
          0.575226,
          0.79299104,
          0,
          -0.14475276,
          0.8179889,
          -0.5567235,
          0,
          -0.17157619,
          1.0246744,
          -0.5581412,
          1
        ]
      },
      {
        "date" : 765342760.600791,
        "title" : "Untitled",
        "transform" : [
          -0.9970603,
          -1.5083329e-10,
          0.076620184,
          0,
          0.0056259623,
          0.9973006,
          0.07321078,
          0,
          -0.076413356,
          0.07342663,
          -0.99436885,
          0,
          -0.09410456,
          0.9379281,
          -0.5148237,
          1
        ]
      },
      {
        "date" : 765342758.700136,
        "title" : "Untitled",
        "transform" : [
          -0.9970603,
          -1.5083329e-10,
          0.076620184,
          0,
          0.0056259623,
          0.9973006,
          0.07321078,
          0,
          -0.076413356,
          0.07342663,
          -0.99436885,
          0,
          -0.08779568,
          0.9131378,
          -0.5127944,
          1
        ]
      },
      {
        "date" : 765342757.528734,
        "title" : "Untitled",
        "transform" : [
          -0.9970603,
          -1.5083329e-10,
          0.076620184,
          0,
          0.0056259623,
          0.9973006,
          0.07321078,
          0,
          -0.076413356,
          0.07342663,
          -0.99436885,
          0,
          -0.08779568,
          0.9131378,
          -0.5127944,
          1
        ]
      }
    ],
    "B042D3A7-7818-40DD-BB4E-CBE391161342" : [
      {
        "date" : 750960966.445368,
        "title" : "Untitled",
        "transform" : [
          0.9993573,
          5.4721916e-10,
          0.03584748,
          0,
          0.035825647,
          0.034899548,
          -0.99874854,
          0,
          -0.0012510614,
          0.9993909,
          0.034877136,
          0,
          -0.0020794743,
          1.6611558,
          0.057971645,
          1
        ]
      },
      {
        "date" : 750960871.345974,
        "title" : "Untitled",
        "transform" : [
          0.9993573,
          5.4721916e-10,
          0.03584748,
          0,
          0.035825647,
          0.034899548,
          -0.99874854,
          0,
          -0.0012510614,
          0.9993909,
          0.034877136,
          0,
          -0.00055813167,
          0.44585487,
          0.015559612,
          1
        ]
      }
    ],
    "C2DACEB1-10A1-4AAF-8F99-1789048A61F4" : [
      {
        "date" : 765496559.239624,
        "title" : "Untitled",
        "transform" : [
          0.9680922,
          -0.00048464088,
          -0.25059366,
          0,
          -0.09456628,
          0.92535496,
          -0.3671176,
          0,
          0.23206605,
          0.37910157,
          0.8957831,
          0,
          0.34629235,
          1.5172687,
          1.4028862,
          1
        ]
      },
      {
        "date" : 765496537.21035,
        "title" : "Untitled",
        "transform" : [
          0.52545863,
          -0.0004846409,
          -0.85081893,
          0,
          -0.31622812,
          0.9282515,
          -0.1958286,
          0,
          0.78986883,
          0.3719528,
          0.4876045,
          0,
          0.97992295,
          1.5087264,
          0.870491,
          1
        ]
      },
      {
        "date" : 765496533.359175,
        "title" : "Untitled",
        "transform" : [
          0.995937,
          -0.00048463815,
          0.09005103,
          0,
          0.023542346,
          0.9666098,
          -0.255169,
          0,
          -0.08692054,
          0.25625235,
          0.96269387,
          0,
          -0.1358464,
          1.3620768,
          1.4637753,
          1
        ]
      },
      {
        "date" : 765496527.500338,
        "title" : "Untitled",
        "transform" : [
          0.9999998,
          -0.00048463995,
          0.00014729718,
          0,
          0.0004569309,
          0.7375982,
          -0.67523974,
          0,
          0.00021860181,
          0.67523974,
          0.73759824,
          0,
          -0.024814587,
          1.9111372,
          1.2387102,
          1
        ]
      },
      {
        "date" : 765496521.345311,
        "title" : "Untitled",
        "transform" : [
          0.9999998,
          -0.00048463995,
          0.00014729718,
          0,
          0.0004569309,
          0.7375982,
          -0.67523974,
          0,
          0.00021860181,
          0.67523974,
          0.73759824,
          0,
          -0.030331839,
          2.1050372,
          1.4986732,
          1
        ]
      },
      {
        "date" : 765496517.150348,
        "title" : "Untitled",
        "transform" : [
          0.9999998,
          -0.00048463995,
          0.00014729718,
          0,
          0.0004569309,
          0.7375982,
          -0.67523974,
          0,
          0.00021860181,
          0.67523974,
          0.73759824,
          0,
          0.023695454,
          1.8549612,
          1.1332381,
          1
        ]
      },
      {
        "date" : 765496512.582767,
        "title" : "Untitled",
        "transform" : [
          0.9999948,
          -0.00048463995,
          0.0031685317,
          0,
          0.002496987,
          0.7375982,
          -0.6752353,
          0,
          -0.0020098574,
          0.67523974,
          0.73759556,
          0,
          0.010503524,
          1.9990196,
          1.2023224,
          1
        ]
      },
      {
        "date" : 765495203.752058,
        "title" : "Untitled",
        "transform" : [
          0.9999948,
          -0.00048463995,
          0.0031685317,
          0,
          0.002496987,
          0.7375982,
          -0.6752353,
          0,
          -0.0020098574,
          0.67523974,
          0.73759556,
          0,
          0.01011916,
          2.128152,
          1.3433797,
          1
        ]
      },
      {
        "date" : 765480772.304378,
        "title" : "Untitled",
        "transform" : [
          0.9999948,
          -0.00048463995,
          0.0031685317,
          0,
          0.002496987,
          0.7375982,
          -0.6752353,
          0,
          -0.0020098574,
          0.67523974,
          0.73759556,
          0,
          0.011837192,
          1.5509568,
          0.7128822,
          1
        ]
      },
      {
        "date" : 765480758.872588,
        "title" : "Untitled",
        "transform" : [
          0.9999948,
          -0.00048463995,
          0.0031685317,
          0,
          0.002496987,
          0.7375982,
          -0.6752353,
          0,
          -0.0020098574,
          0.67523974,
          0.73759556,
          0,
          0.0068361433,
          0.89569914,
          0.4116994,
          1
        ]
      }
    ]
  },
  "sceneViewportBackgroundColors" : {

  },
  "selectedSceneRelativePath" : "bjGameScene.usda"
}